62 25 1225
1 3
2 3
3 3
4 3
5 3
6 3
7 3
8 3
9 3
10 3
11 3
12 3
13 3
14 3
15 3
16 3
17 3
18 3
19 3
20 3
21 3
22 3
23 3
24 3
25 3
1 2 396
1 3 283
1 4 198
1 5 256
1 6 268
1 7 260
1 8 290
1 9 228
1 10 109
1 11 257
1 12 168
1 13 170
1 14 271
1 15 343
1 16 113
1 17 37
1 18 233
1 19 299
1 20 324
1 21 351
1 22 257
1 23 126
1 24 302
1 25 255
1 26 101
1 27 172
1 28 198
1 29 179
1 30 282
1 31 184
1 32 23
1 33 286
1 34 150
1 35 316
1 36 248
1 37 305
1 38 122
1 39 306
1 40 290
1 41 377
1 42 191
1 43 166
1 44 119
1 45 184
1 46 184
1 47 238
1 48 315
1 49 123
1 50 305
1 51 233
1 52 172
1 53 266
1 54 354
1 55 110
1 56 217
1 57 150
1 58 203
1 59 233
1 60 287
1 61 187
1 62 300
2 3 676
2 4 535
2 5 355
2 6 405
2 7 650
2 8 266
2 9 306
2 10 320
2 11 389
2 12 485
2 13 477
2 14 667
2 15 638
2 16 506
2 17 361
2 18 519
2 19 683
2 20 675
2 21 740
2 22 643
2 23 482
2 24 393
2 25 463
2 26 497
2 27 337
2 28 514
2 29 326
2 30 607
2 31 246
2 32 373
2 33 681
2 34 348
2 35 79
2 36 165
2 37 657
2 38 515
2 39 670
2 40 347
2 41 607
2 42 250
2 43 243
2 44 507
2 45 398
2 46 227
2 47 514
2 48 672
2 49 286
2 50 698
2 51 162
2 52 388
2 53 593
2 54 42
2 55 499
2 56 242
2 57 542
2 58 311
2 59 524
2 60 374
2 61 362
2 62 515
3 4 277
3 5 491
3 6 408
3 7 30
3 8 555
3 9 484
3 10 361
3 11 410
3 12 234
3 13 315
3 14 55
3 15 264
3 16 170
3 17 321
3 18 347
3 19 50
3 20 155
3 21 69
3 22 47
3 23 205
3 24 521
3 25 346
3 26 186
3 27 423
3 28 225
3 29 391
3 30 201
3 31 464
3 32 306
3 33 28
3 34 399
3 35 596
3 36 532
3 37 150
3 38 161
3 39 118
3 40 528
3 41 360
3 42 443
3 43 449
3 44 168
3 45 340
3 46 468
3 47 359
3 48 138
3 49 391
3 50 23
3 51 515
3 52 394
3 53 196
3 54 635
3 55 205
3 56 493
3 57 166
3 58 416
3 59 342
3 60 514
3 61 423
3 62 349
4 5 243
4 6 461
4 7 273
4 8 330
4 9 259
4 10 306
4 11 452
4 12 323
4 13 60
4 14 230
4 15 466
4 16 193
4 17 210
4 18 70
4 19 319
4 20 397
4 21 340
4 22 283
4 23 266
4 24 259
4 25 435
4 26 160
4 27 206
4 28 343
4 29 378
4 30 394
4 31 288
4 32 213
4 33 260
4 34 189
4 35 463
4 36 369
4 37 383
4 38 190
4 39 365
4 40 279
4 41 530
4 42 380
4 43 294
4 44 212
4 45 376
4 46 308
4 47 82
4 48 382
4 49 309
4 50 286
4 51 380
4 52 158
4 53 381
4 54 493
4 55 119
4 56 300
4 57 126
4 58 401
4 59 65
4 60 257
4 61 190
4 62 471
5 6 483
5 7 477
5 8 98
5 9 54
5 10 299
5 11 468
5 12 424
5 13 186
5 14 456
5 15 600
5 16 345
5 17 229
5 18 195
5 19 522
5 20 571
5 21 559
5 22 481
5 23 382
5 24 52
5 25 494
5 26 315
5 27 84
5 28 455
5 29 373
5 30 537
5 31 148
5 32 247
5 33 481
5 34 106
5 35 304
5 36 205
5 37 553
5 38 349
5 39 548
5 40 37
5 41 629
5 42 325
5 43 179
5 44 358
5 45 414
5 46 178
5 47 186
5 48 560
5 49 274
5 50 506
5 51 245
5 52 97
5 53 522
5 54 320
5 55 287
5 56 125
5 57 324
5 58 384
5 59 201
5 60 33
5 61 70
5 62 545
6 7 378
6 8 470
6 9 437
6 10 184
6 11 17
6 12 175
6 13 438
6 14 432
6 15 252
6 16 295
6 17 273
6 18 501
6 19 387
6 20 329
6 21 450
6 22 362
6 23 220
6 24 535
6 25 72
6 26 317
6 27 402
6 28 184
6 29 111
6 30 249
6 31 349
6 32 261
6 33 428
6 34 387
6 35 341
6 36 352
6 37 315
6 38 304
6 39 342
6 40 508
6 41 202
6 42 179
6 43 315
6 44 280
6 45 85
6 46 325
6 47 506
6 48 334
6 49 210
6 50 431
6 51 303
6 52 423
6 53 242
6 54 377
6 55 351
6 56 386
6 57 372
6 58 108
6 59 502
6 60 516
6 61 426
6 62 113
7 8 537
7 9 468
7 10 333
7 11 380
7 12 204
7 13 306
7 14 71
7 15 242
7 16 147
7 17 298
7 18 343
7 19 46
7 20 138
7 21 90
7 22 19
7 23 176
7 24 509
7 25 316
7 26 167
7 27 406
7 28 195
7 29 361
7 30 176
7 31 443
7 32 282
7 33 52
7 34 382
7 35 570
7 36 509
7 37 131
7 38 139
7 39 102
7 40 514
7 41 335
7 42 415
7 43 426
7 44 143
7 45 310
7 46 445
7 47 354
7 48 122
7 49 364
7 50 53
7 51 490
7 52 380
7 53 169
7 54 609
7 55 190
7 56 473
7 57 155
7 58 387
7 59 338
7 60 501
7 61 408
7 62 320
8 9 72
8 10 297
8 11 454
8 12 448
8 13 270
8 14 526
8 15 626
8 16 396
8 17 255
8 18 289
8 19 580
8 20 615
8 21 624
8 22 538
8 23 415
8 24 127
8 25 495
8 26 370
8 27 132
8 28 480
8 29 359
8 30 570
8 31 123
8 32 274
8 33 549
8 34 155
8 35 227
8 36 138
8 37 596
8 38 401
8 39 596
8 40 81
8 41 639
8 42 296
8 43 156
8 44 406
8 45 414
8 46 145
8 47 282
8 48 605
8 49 263
8 50 573
8 51 188
8 52 172
8 53 554
8 54 235
8 55 350
8 56 84
8 57 391
8 58 364
8 59 296
8 60 110
8 61 140
8 62 549
9 10 255
9 11 421
9 12 392
9 13 199
9 14 455
9 15 570
9 16 328
9 17 196
9 18 223
9 19 512
9 20 551
9 21 554
9 22 469
9 23 355
9 24 105
9 25 452
9 26 302
9 27 61
9 28 424
9 29 325
9 30 511
9 31 95
9 32 215
9 33 478
9 34 85
9 35 251
9 36 151
9 37 533
9 38 334
9 39 530
9 40 71
9 41 591
9 42 274
9 43 126
9 44 340
9 45 371
9 46 124
9 47 216
9 48 541
9 49 226
9 50 502
9 51 190
9 52 101
9 53 495
9 54 270
9 55 279
9 56 70
9 57 320
9 58 335
9 59 229
9 60 84
9 61 68
9 62 505
10 11 169
10 12 169
10 13 270
10 14 361
10 15 339
10 16 197
10 17 98
10 18 332
10 19 363
10 20 357
10 21 422
10 22 324
10 23 162
10 24 351
10 25 198
10 26 199
10 27 217
10 28 200
10 29 77
10 30 295
10 31 174
10 32 92
10 33 369
10 34 203
10 35 241
10 36 204
10 37 339
10 38 207
10 39 350
10 40 326
10 41 341
10 42 85
10 43 142
10 44 193
10 45 116
10 46 157
10 47 335
10 48 353
10 49 38
10 50 384
10 51 169
10 52 240
10 53 280
10 54 281
10 55 217
10 56 213
10 57 253
10 58 97
10 59 334
10 60 333
10 61 242
10 62 251
11 12 175
11 13 428
11 14 432
11 15 264
11 16 290
11 17 261
11 18 490
11 19 391
11 20 337
11 21 454
11 22 364
11 23 217
11 24 520
11 25 82
11 26 310
11 27 387
11 28 187
11 29 95
11 30 257
11 31 332
11 32 249
11 33 428
11 34 373
11 35 324
11 36 335
11 37 322
11 38 299
11 39 348
11 40 492
11 41 218
11 42 162
11 43 299
11 44 277
11 45 78
11 46 309
11 47 495
11 48 341
11 49 194
11 50 433
11 51 286
11 52 409
11 53 249
11 54 360
11 55 344
11 56 370
11 57 366
11 58 91
11 59 491
11 60 501
11 61 412
11 62 128
12 13 318
12 14 257
12 15 177
12 16 133
12 17 196
12 18 377
12 19 219
12 20 190
12 21 282
12 22 189
12 23 56
12 24 471
12 25 122
12 26 163
12 27 340
12 28 32
12 29 167
12 30 125
12 31 330
12 32 177
12 33 253
12 34 318
12 35 407
12 36 373
12 37 172
12 38 140
12 39 189
12 40 457
12 41 212
12 42 235
12 43 302
12 44 116
12 45 107
12 46 319
12 47 385
12 48 188
12 49 207
12 50 258
12 51 338
12 52 340
12 53 111
12 54 447
12 55 204
12 56 368
12 57 212
12 58 191
12 59 376
12 60 456
12 61 356
12 62 148
13 14 275
13 15 476
13 16 200
13 17 172
13 18 62
13 19 353
13 20 420
13 21 382
13 22 314
13 23 264
13 24 207
13 25 421
13 26 166
13 27 146
13 28 342
13 29 346
13 30 406
13 31 231
13 32 180
13 33 302
13 34 129
13 35 407
13 36 312
13 37 404
13 38 200
13 39 391
13 40 222
13 41 530
13 42 338
13 43 239
13 44 218
13 45 355
13 46 252
13 47 68
13 48 406
13 49 268
13 50 328
13 51 325
13 52 98
13 53 391
13 54 436
13 55 126
13 56 240
13 57 152
13 58 367
13 59 63
13 60 203
13 61 130
13 62 462
14 15 313
14 16 164
14 17 307
14 18 301
14 19 106
14 20 208
14 21 110
14 22 90
14 23 217
14 24 482
14 25 375
14 26 170
14 27 394
14 28 254
14 29 401
14 30 246
14 31 444
14 32 294
14 33 30
14 34 370
14 35 588
14 36 516
14 37 201
14 38 154
14 39 171
14 40 493
14 41 405
14 42 446
14 43 433
14 44 168
14 45 358
14 46 451
14 47 312
14 48 191
14 49 387
14 50 56
14 51 505
14 52 360
14 53 239
14 54 625
14 55 177
14 56 471
14 57 134
14 58 427
14 59 295
14 60 476
14 61 390
14 62 385
15 16 275
15 17 374
15 18 530
15 19 219
15 20 118
15 21 269
15 22 223
15 23 219
15 24 645
15 25 181
15 26 310
15 27 516
15 28 146
15 29 311
15 30 72
15 31 507
15 32 354
15 33 292
15 34 494
15 35 565
15 36 544
15 37 116
15 38 277
15 39 151
15 40 634
15 41 103
15 42 389
15 43 478
15 44 258
15 45 240
15 46 494
15 47 539
15 48 132
15 49 377
15 50 280
15 51 505
15 52 512
15 53 85
15 54 604
15 55 351
15 56 545
15 57 341
15 58 327
15 59 527
15 60 631
15 61 531
15 62 143
16 17 151
16 18 254
16 19 186
16 20 226
16 21 237
16 22 144
16 23 77
16 24 384
16 25 253
16 26 34
16 27 268
16 28 150
16 29 242
16 30 205
16 31 296
16 32 135
16 33 174
16 34 244
16 35 426
16 36 362
16 37 209
16 38 10
16 39 202
16 40 382
16 41 336
16 42 282
16 43 279
16 44 18
16 45 212
16 46 298
16 47 263
16 48 214
16 49 223
16 50 192
16 51 345
16 52 250
16 53 190
16 54 465
16 55 75
16 56 328
16 57 79
16 58 269
16 59 252
16 60 373
16 61 274
16 62 282
17 18 234
17 19 337
17 20 360
17 21 388
17 22 295
17 23 159
17 24 277
17 25 270
17 26 137
17 27 144
17 28 227
17 29 174
17 30 315
17 31 146
17 32 19
17 33 322
17 34 123
17 35 282
17 36 211
17 37 341
17 38 159
17 39 343
17 40 261
17 41 400
17 42 170
17 43 128
17 44 157
17 45 194
17 46 146
17 47 237
17 48 351
17 49 99
17 50 342
17 51 198
17 52 152
17 53 299
17 54 319
17 55 139
17 56 180
17 57 181
17 58 195
17 59 235
17 60 261
17 61 162
17 62 319
18 19 390
18 20 466
18 21 411
18 22 353
18 23 322
18 24 200
18 25 483
18 26 220
18 27 181
18 28 400
18 29 408
18 30 459
18 31 274
18 32 242
18 33 330
18 34 171
18 35 452
18 36 354
18 37 451
18 38 252
18 39 434
18 40 227
18 41 588
18 42 397
18 43 288
18 44 272
18 45 417
18 46 299
18 47 11
18 48 451
18 49 327
18 50 357
18 51 374
18 52 130
18 53 444
18 54 479
18 55 178
18 56 277
18 57 194
18 58 429
18 59 6
18 60 202
18 61 158
18 62 523
19 20 106
19 21 63
19 22 42
19 23 202
19 24 556
19 25 321
19 26 210
19 27 451
19 28 203
19 29 383
19 30 161
19 31 483
19 32 320
19 33 78
19 34 427
19 35 603
19 36 546
19 37 103
19 38 179
19 39 69
19 40 560
19 41 319
19 42 443
19 43 465
19 44 180
19 45 326
19 46 483
19 47 401
19 48 89
19 49 396
19 50 61
19 51 525
19 52 425
19 53 159
19 54 642
19 55 235
19 56 514
19 57 201
19 58 408
19 59 385
19 60 547
19 61 453
19 62 317
20 21 151
20 22 121
20 23 202
20 24 611
20 25 258
20 26 258
20 27 492
20 28 162
20 29 355
20 30 80
20 31 505
20 32 341
20 33 183
20 34 468
20 35 598
20 36 557
20 37 18
20 38 224
20 39 37
20 40 608
20 41 221
20 42 426
20 43 481
20 44 212
20 45 288
20 46 499
20 47 476
20 48 17
20 49 394
20 50 167
20 51 526
20 52 477
20 53 88
20 54 637
20 55 294
20 56 540
20 57 271
20 58 377
20 59 462
20 60 599
20 61 500
20 62 238
21 22 97
21 23 262
21 24 589
21 25 383
21 26 255
21 27 492
21 28 266
21 29 445
21 30 219
21 31 532
21 32 373
21 33 80
21 34 469
21 35 660
21 36 599
21 37 154
21 38 229
21 39 120
21 40 597
21 41 371
21 42 503
21 43 517
21 44 233
21 45 389
21 46 535
21 47 422
21 48 137
21 49 454
21 50 54
21 51 580
21 52 463
21 53 218
21 54 699
21 55 274
21 56 562
21 57 235
21 58 471
21 59 405
21 60 582
21 61 492
21 62 377
22 23 165
22 24 515
22 25 299
22 26 167
22 27 408
22 28 178
22 29 349
22 30 156
22 31 440
22 32 278
22 33 71
22 34 384
22 35 563
22 36 504
22 37 112
22 38 137
22 39 85
22 40 518
22 41 316
22 42 405
22 43 423
22 44 138
22 45 296
22 46 441
22 47 364
22 48 105
22 49 356
22 50 69
22 51 484
22 52 384
22 53 150
22 54 602
22 55 194
22 56 472
22 57 162
22 58 374
22 59 349
22 60 506
22 61 411
22 62 302
23 24 426
23 25 176
23 26 107
23 27 299
23 28 78
23 29 185
23 30 156
23 31 302
23 32 140
23 33 219
23 34 276
23 35 403
23 36 355
23 37 183
23 38 85
23 39 190
23 40 416
23 41 266
23 42 240
23 43 278
23 44 61
23 45 141
23 46 296
23 47 330
23 48 195
23 49 196
23 50 229
23 51 327
23 52 293
23 53 140
23 54 442
23 55 147
23 56 338
23 57 157
23 58 211
23 59 321
23 60 412
23 61 312
23 62 205
24 25 545
24 26 352
24 27 134
24 28 501
24 29 425
24 30 581
24 31 200
24 32 295
24 33 509
24 34 153
24 35 348
24 36 251
24 37 593
24 38 387
24 39 585
24 40 45
24 41 677
24 42 378
24 43 231
24 44 398
24 45 465
24 46 229
24 47 190
24 48 598
24 49 326
24 50 535
24 51 294
24 52 134
24 53 565
24 54 361
24 55 320
24 56 173
24 57 355
24 58 436
24 59 207
24 60 20
24 61 115
24 62 595
25 26 281
25 27 410
25 28 121
25 29 144
25 30 177
25 31 372
25 32 254
25 33 368
25 34 392
25 35 394
25 36 390
25 37 244
25 38 261
25 39 272
25 40 522
25 41 147
25 42 222
25 43 339
25 44 237
25 45 81
25 46 353
25 47 490
25 48 263
25 49 231
25 50 369
25 51 345
25 52 422
25 53 171
25 54 432
25 55 319
25 56 411
25 57 333
25 58 153
25 59 483
25 60 527
25 61 431
25 62 55
