21 8 132
1 3
2 3
3 3
4 3
5 3
6 3
7 3
8 3
1 2 396
1 3 283
1 4 198
1 5 256
1 6 268
1 7 260
1 8 290
1 9 228
1 10 109
1 11 257
1 12 168
1 13 170
1 14 271
1 15 343
1 16 113
1 17 37
1 18 233
1 19 299
1 20 324
1 21 351
2 3 676
2 4 535
2 5 355
2 6 405
2 7 650
2 8 266
2 9 306
2 10 320
2 11 389
2 12 485
2 13 477
2 14 667
2 15 638
2 16 506
2 17 361
2 18 519
2 19 683
2 20 675
2 21 740
3 4 277
3 5 491
3 6 408
3 7 30
3 8 555
3 9 484
3 10 361
3 11 410
3 12 234
3 13 315
3 14 55
3 15 264
3 16 170
3 17 321
3 18 347
3 19 50
3 20 155
3 21 69
4 5 243
4 6 461
4 7 273
4 8 330
4 9 259
4 10 306
4 11 452
4 12 323
4 13 60
4 14 230
4 15 466
4 16 193
4 17 210
4 18 70
4 19 319
4 20 397
4 21 340
5 6 483
5 7 477
5 8 98
5 9 54
5 10 299
5 11 468
5 12 424
5 13 186
5 14 456
5 15 600
5 16 345
5 17 229
5 18 195
5 19 522
5 20 571
5 21 559
6 7 378
6 8 470
6 9 437
6 10 184
6 11 17
6 12 175
6 13 438
6 14 432
6 15 252
6 16 295
6 17 273
6 18 501
6 19 387
6 20 329
6 21 450
7 8 537
7 9 468
7 10 333
7 11 380
7 12 204
7 13 306
7 14 71
7 15 242
7 16 147
7 17 298
7 18 343
7 19 46
7 20 138
7 21 90
8 9 72
8 10 297
8 11 454
8 12 448
8 13 270
8 14 526
8 15 626
8 16 396
8 17 255
8 18 289
8 19 580
8 20 615
8 21 624
