71 30 1665
1 3
2 4
3 2
4 3
5 3
6 3
7 3
8 3
9 2
10 3
11 4
12 3
13 3
14 3
15 3
16 3
17 3
18 3
19 2
20 2
21 3
22 3
23 4
24 4
25 2
26 3
27 3
28 2
29 3
30 2
1 2 162
1 3 307
1 4 376
1 5 473
1 6 245
1 7 78
1 8 152
1 9 314
1 10 181
1 11 156
1 12 180
1 13 142
1 14 199
1 15 175
1 16 163
1 17 206
1 18 43
1 19 495
1 20 64
1 21 73
1 22 319
1 23 384
1 24 239
1 25 235
1 26 266
1 27 113
1 28 123
1 29 459
1 30 384
1 31 286
1 32 166
1 33 103
1 34 153
1 35 523
1 36 409
1 37 257
1 38 215
1 39 359
1 40 235
1 41 253
1 42 196
1 43 328
1 44 134
1 45 355
1 46 214
1 47 290
1 48 455
1 49 282
1 50 183
1 51 240
1 52 411
1 53 169
1 54 138
1 55 276
1 56 472
1 57 245
1 58 14
1 59 240
1 60 360
1 61 368
1 62 68
1 63 300
1 64 404
1 65 374
1 66 230
1 67 273
1 68 115
1 69 50
1 70 520
1 71 194
2 3 398
2 4 382
2 5 388
2 6 164
2 7 208
2 8 312
2 9 177
2 10 79
2 11 105
2 12 343
2 13 268
2 14 39
2 15 193
2 16 117
2 17 51
2 18 188
2 19 474
2 20 97
2 21 134
2 22 326
2 23 256
2 24 196
2 25 75
2 26 315
2 27 274
2 28 57
2 29 409
2 30 391
2 31 346
2 32 79
2 33 100
2 34 118
2 35 496
2 36 259
2 37 247
2 38 295
2 39 250
2 40 158
2 41 412
2 42 252
2 43 170
2 44 290
2 45 207
2 46 336
2 47 301
2 48 314
2 49 402
2 50 151
2 51 372
2 52 307
2 53 329
2 54 278
2 55 387
2 56 427
2 57 106
2 58 154
2 59 366
2 60 408
2 61 294
2 62 133
2 63 284
2 64 254
2 65 362
2 66 352
2 67 409
2 68 192
2 69 185
2 70 486
2 71 294
3 4 205
3 5 430
3 6 324
3 7 365
3 8 243
3 9 434
3 10 459
3 11 304
3 12 302
3 13 168
3 14 435
3 15 482
3 16 460
3 17 410
3 18 335
3 19 322
3 20 338
3 21 275
3 22 188
3 23 459
3 24 270
3 25 438
3 26 112
3 27 258
3 28 397
3 29 353
3 30 206
3 31 81
3 32 447
3 33 299
3 34 451
3 35 353
3 36 534
3 37 220
3 38 103
3 39 409
3 40 318
3 41 251
3 42 149
3 43 496
3 44 230
3 45 484
3 46 110
3 47 178
3 48 543
3 49 78
3 50 270
3 51 124
3 52 430
3 53 325
3 54 187
3 55 57
3 56 351
3 57 403
3 58 300
3 59 105
3 60 112
3 61 350
3 62 373
3 63 227
3 64 526
3 65 238
3 66 101
3 67 135
3 68 419
3 69 347
3 70 363
3 71 112
4 5 237
4 6 236
4 7 452
4 8 391
4 9 327
4 10 459
4 11 278
4 12 455
4 13 289
4 14 406
4 15 535
4 16 483
4 17 366
4 18 418
4 19 127
4 20 371
4 21 311
4 22 57
4 23 319
4 24 188
4 25 384
4 26 128
4 27 388
4 28 409
4 29 150
4 30 9
4 31 135
4 32 454
4 33 309
4 34 478
4 35 158
4 36 408
4 37 135
4 38 195
4 39 265
4 40 237
4 41 435
4 42 184
4 43 405
4 44 370
4 45 370
4 46 276
4 47 86
4 48 395
4 49 279
4 50 231
4 51 310
4 52 264
4 53 470
4 54 319
4 55 254
4 56 146
4 57 331
4 58 363
4 59 289
4 60 102
4 61 184
4 62 425
4 63 99
4 64 400
4 65 41
4 66 276
4 67 332
4 68 489
4 69 427
4 70 164
4 71 233
5 6 232
5 7 549
5 8 553
5 9 235
5 10 462
5 11 320
5 12 612
5 13 452
5 14 390
5 15 580
5 16 506
5 17 346
5 18 516
5 19 197
5 20 434
5 21 399
5 22 242
5 23 171
5 24 235
5 25 345
5 26 326
5 27 534
5 28 439
5 29 101
5 30 240
5 31 350
5 32 466
5 33 373
5 34 506
5 35 195
5 36 255
5 37 241
5 38 381
5 39 144
5 40 241
5 41 623
5 42 343
5 43 306
5 44 527
5 45 248
5 46 470
5 47 256
5 48 209
5 49 494
5 50 289
5 51 511
5 52 92
5 53 616
5 54 481
5 55 469
5 56 119
5 57 289
5 58 458
5 59 492
5 60 338
5 61 104
5 62 492
5 63 211
5 64 249
5 65 197
5 66 476
5 67 541
5 68 561
5 69 520
5 70 173
5 71 415
6 7 319
6 8 351
6 9 110
6 10 243
6 11 89
6 12 403
6 13 264
6 14 178
6 15 350
6 16 280
6 17 134
6 18 287
6 19 313
6 20 202
6 21 174
6 22 188
6 23 151
6 24 55
6 25 149
6 26 216
6 27 324
6 28 209
6 29 245
6 30 245
6 31 250
6 32 243
6 33 143
6 34 279
6 35 333
6 36 212
6 37 114
6 38 233
6 39 116
6 40 10
6 41 438
6 42 182
6 43 176
6 44 325
6 45 160
6 46 309
6 47 172
6 48 234
6 49 359
6 50 72
6 51 352
6 52 166
6 53 402
6 54 289
6 55 337
6 56 263
6 57 94
6 58 231
6 59 338
6 60 291
6 61 132
6 62 260
6 63 137
6 64 204
6 65 209
6 66 321
6 67 389
6 68 328
6 69 291
6 70 322
6 71 253
7 8 160
7 9 376
7 10 196
7 11 229
7 12 159
7 13 196
7 14 238
7 15 132
7 16 159
7 17 258
7 18 34
7 19 572
7 20 120
7 21 151
7 22 396
7 23 450
7 24 316
7 25 283
7 26 338
7 27 124
7 28 154
7 29 537
7 30 460
7 31 355
7 32 179
7 33 175
7 34 147
7 35 601
7 36 465
7 37 336
7 38 281
7 39 430
7 40 309
7 41 252
7 42 270
7 43 378
7 44 153
7 45 413
7 46 261
7 47 366
7 48 517
7 49 326
7 50 260
7 51 277
7 52 484
7 53 136
7 54 180
7 55 325
7 56 550
7 57 305
7 58 92
7 59 283
7 60 429
7 61 445
7 62 75
7 63 378
7 64 460
7 65 452
7 66 276
7 67 305
7 68 61
7 69 28
7 70 598
7 71 255
8 9 442
8 10 333
8 11 274
8 12 64
8 13 103
8 14 350
8 15 292
8 16 308
8 17 351
8 18 147
8 19 519
8 20 215
8 21 190
8 22 345
8 23 501
8 24 323
8 25 381
8 26 263
8 27 39
8 28 275
8 29 512
8 30 397
8 31 265
8 32 316
8 33 230
8 34 296
8 35 550
8 36 543
8 37 313
8 38 196
8 39 466
8 40 341
8 41 100
8 42 215
8 43 470
8 44 25
8 45 488
8 46 132
8 47 317
8 48 580
8 49 184
8 50 279
8 51 130
8 52 511
8 53 82
8 54 73
8 55 191
8 56 519
8 57 379
8 58 158
8 59 142
8 60 335
8 61 450
8 62 211
8 63 349
8 64 537
8 65 406
8 66 142
8 67 150
8 68 221
8 69 158
8 70 553
8 71 159
9 10 240
9 11 167
9 12 488
9 13 365
9 14 167
9 15 369
9 16 289
9 17 127
9 18 350
9 19 375
9 20 256
9 21 253
9 22 287
9 23 79
9 24 164
9 25 116
9 26 325
9 27 410
9 28 234
9 29 289
9 30 336
9 31 359
9 32 248
9 33 214
9 34 292
9 35 389
9 36 104
9 37 220
9 38 342
9 39 91
9 40 116
9 41 534
9 42 291
9 43 79
9 44 417
9 45 50
9 46 416
9 47 275
9 48 141
9 49 468
9 50 174
9 51 458
9 52 143
9 53 481
9 54 386
9 55 446
9 56 310
9 57 72
9 58 302
9 59 445
9 60 395
9 61 168
9 62 305
9 63 234
9 64 96
9 65 293
9 66 428
9 67 495
9 68 368
9 69 350
9 70 373
9 71 361
10 11 181
10 12 350
10 13 312
10 14 73
10 15 134
10 16 52
10 17 116
10 18 190
10 19 553
10 20 126
10 21 184
10 22 403
10 23 319
10 24 275
10 25 124
10 26 384
10 27 293
10 28 62
10 29 488
10 30 468
10 31 414
10 32 16
10 33 161
10 34 59
10 35 575
10 36 303
10 37 324
10 38 356
10 39 321
10 40 237
10 41 432
10 42 318
10 43 209
10 44 315
10 45 259
10 46 384
10 47 377
10 48 365
10 49 451
10 50 228
10 51 415
10 52 378
10 53 331
10 54 315
10 55 440
10 56 506
10 57 174
10 58 179
10 59 412
10 60 479
10 61 371
10 62 124
10 63 362
10 64 300
10 65 441
10 66 400
10 67 451
10 68 158
10 69 182
10 70 565
10 71 349
11 12 322
11 13 201
11 14 135
11 15 269
11 16 207
11 17 106
11 18 198
11 19 377
11 20 113
11 21 88
11 22 221
11 23 230
11 24 98
11 25 134
11 26 212
11 27 244
11 28 133
11 29 322
11 30 287
11 31 244
11 32 176
11 33 53
11 34 204
11 35 401
11 36 270
11 37 143
11 38 201
11 39 203
11 40 79
11 41 367
11 42 154
11 43 205
11 44 249
11 45 214
11 46 260
11 47 196
11 48 306
11 49 319
11 50 47
11 51 300
11 52 255
11 53 317
11 54 220
11 55 301
11 56 338
11 57 110
11 58 143
11 59 289
11 60 303
11 61 218
11 62 172
11 63 182
11 64 263
11 65 261
11 66 274
11 67 338
11 68 241
11 69 201
11 70 393
11 71 209
12 13 167
12 14 379
12 15 285
12 16 317
12 17 387
12 18 160
12 19 583
12 20 245
12 21 234
12 22 408
12 23 552
12 24 379
12 25 416
12 26 327
12 27 79
12 28 299
12 29 575
12 30 461
12 31 329
12 32 333
12 33 273
12 34 305
12 35 614
12 36 587
12 37 374
12 38 260
12 39 520
12 40 393
12 41 100
12 42 278
12 43 508
12 44 86
12 45 531
12 46 193
12 47 381
12 48 628
12 49 237
12 50 333
12 51 182
12 52 566
12 53 30
12 54 137
12 55 248
12 56 582
12 57 422
12 58 190
12 59 198
12 60 398
12 61 509
12 62 225
12 63 411
12 64 581
12 65 469
12 66 201
12 67 194
12 68 216
12 69 167
12 70 617
12 71 223
13 14 307
13 15 316
13 16 304
13 17 296
13 18 167
13 19 417
13 20 186
13 21 134
13 22 241
13 23 416
13 24 228
13 25 326
13 26 162
13 27 99
13 28 250
13 29 408
13 30 295
13 31 169
13 32 298
13 33 171
13 34 294
13 35 447
13 36 469
13 37 211
13 38 96
13 39 376
13 40 255
13 41 174
13 42 112
13 43 406
13 44 80
13 45 413
13 46 72
13 47 214
13 48 498
13 49 140
13 50 193
13 51 104
13 52 417
13 53 180
13 54 30
13 55 133
13 56 416
13 57 311
13 58 138
13 59 100
13 60 242
13 61 351
13 62 210
13 63 246
13 64 461
13 65 302
13 66 88
13 67 141
13 68 250
13 69 178
13 70 450
13 71 62
14 15 203
14 16 122
14 17 45
14 18 222
14 19 492
14 20 134
14 21 173
14 22 352
14 23 246
14 24 218
14 25 51
14 26 347
14 27 312
14 28 83
14 29 421
14 30 415
14 31 380
14 32 81
14 33 138
14 34 127
14 35 512
14 36 235
14 37 272
14 38 331
14 39 248
14 40 174
14 41 450
14 42 287
14 43 143
14 44 329
14 45 188
14 46 375
14 47 329
14 48 295
14 49 440
14 50 179
14 51 411
14 52 305
14 53 364
14 54 317
14 55 425
14 56 440
14 57 101
14 58 192
14 59 405
14 60 439
14 61 302
14 62 162
14 63 307
14 64 231
14 65 384
14 66 390
14 67 448
14 68 214
14 69 218
14 70 501
14 71 332
15 16 81
15 17 242
15 18 151
15 19 644
15 20 164
15 21 225
15 22 477
15 23 448
15 24 368
15 25 255
15 26 435
15 27 256
15 28 141
15 29 591
15 30 543
15 31 458
15 32 122
15 33 227
15 34 76
15 35 669
15 36 437
15 37 404
15 38 389
15 39 444
15 40 342
15 41 382
15 42 365
15 43 343
15 44 285
15 45 392
15 46 386
15 47 448
15 48 498
15 49 453
15 50 313
15 51 406
15 52 501
15 53 258
15 54 306
15 55 449
15 56 607
15 57 299
15 58 183
15 59 409
15 60 531
15 61 482
15 62 112
15 63 447
15 64 434
15 65 525
15 66 401
15 67 435
15 68 71
15 69 139
15 70 662
15 71 370
16 17 163
16 18 161
16 19 584
16 20 123
16 21 187
16 22 426
16 23 368
16 24 305
16 25 174
16 26 397
16 27 269
16 28 74
16 29 524
16 30 492
16 31 424
16 32 41
16 33 175
16 34 11
16 35 608
16 36 355
16 37 349
16 38 361
16 39 367
16 40 273
16 41 406
16 42 328
16 43 261
16 44 294
16 45 310
16 46 376
16 47 398
16 48 417
16 49 444
16 50 254
16 51 403
16 52 424
16 53 295
16 54 302
16 55 436
16 56 542
16 57 221
16 58 166
16 59 403
16 60 493
16 61 411
16 62 97
16 63 390
16 64 352
16 65 469
16 66 392
16 67 437
16 68 112
16 69 151
16 70 599
16 71 349
17 18 237
17 19 448
17 20 143
17 21 164
17 22 313
17 23 206
17 24 177
17 25 30
17 26 316
17 27 315
17 28 108
17 29 376
17 30 375
17 31 349
17 32 122
17 33 125
17 34 165
17 35 468
17 36 207
17 37 234
17 38 307
17 39 204
17 40 131
17 41 450
17 42 260
17 43 121
17 44 328
17 45 156
17 46 360
17 47 291
17 48 262
17 49 422
17 50 145
17 51 399
17 52 261
17 53 375
17 54 310
17 55 406
17 56 395
17 57 58
17 58 197
17 59 390
17 60 405
17 61 257
17 62 184
17 63 266
17 64 202
17 65 342
17 66 375
17 67 436
17 68 243
17 69 234
17 70 456
17 71 313
18 19 537
18 20 94
18 21 117
18 22 361
18 23 422
18 24 282
18 25 263
18 26 304
18 27 109
18 28 140
18 29 503
18 30 425
18 31 322
18 32 173
18 33 144
18 34 149
18 35 566
18 36 443
18 37 301
18 38 249
18 39 400
18 40 277
18 41 245
18 42 236
18 43 358
18 44 135
18 45 389
18 46 235
18 47 332
18 48 492
18 49 301
18 50 227
18 51 254
18 52 453
18 53 142
18 54 155
18 55 298
18 56 516
18 57 280
18 58 58
18 59 258
18 60 396
18 61 412
18 62 65
18 63 343
18 64 437
18 65 417
18 66 250
18 67 284
18 68 83
18 69 11
18 70 563
18 71 224
19 20 481
19 21 425
19 22 178
19 23 340
19 24 278
19 25 460
19 26 256
19 27 515
19 28 510
19 29 98
19 30 123
19 31 261
19 32 551
19 33 417
19 34 581
19 35 30
19 36 431
19 37 239
19 38 323
19 39 293
19 40 317
19 41 562
19 42 310
19 43 455
19 44 498
19 45 408
19 46 403
19 47 207
19 48 398
19 49 400
19 50 331
19 51 435
19 52 266
19 53 597
19 54 447
19 55 376
19 56 77
19 57 402
19 58 481
19 59 414
19 60 210
19 61 208
19 62 538
19 63 197
19 64 424
19 65 120
19 66 402
19 67 455
19 68 604
19 69 546
19 70 43
19 71 361
20 21 64
20 22 313
20 23 329
20 24 209
20 25 171
20 26 276
20 27 177
20 28 63
20 29 433
20 30 379
20 31 302
20 32 112
20 33 64
20 34 114
20 35 507
20 36 348
20 37 241
20 38 237
20 39 311
20 40 192
20 41 316
20 42 206
20 43 264
20 44 195
20 45 294
20 46 258
20 47 284
20 48 397
20 49 326
20 50 152
20 51 289
20 52 365
20 53 232
20 54 190
20 55 315
20 56 448
20 57 185
20 58 57
20 59 286
20 60 372
20 61 332
20 62 58
20 63 284
20 64 343
20 65 362
20 66 274
20 67 325
20 68 127
20 69 94
20 70 501
20 71 226
21 22 253
21 23 318
21 24 165
21 25 195
21 26 211
21 27 157
21 28 122
21 29 386
21 30 319
21 31 237
21 32 172
21 33 40
21 34 179
21 35 453
21 36 354
21 37 186
21 38 173
21 39 290
21 40 164
21 41 286
21 42 141
21 43 281
21 44 166
21 45 298
21 46 203
21 47 224
21 48 394
21 49 269
21 50 109
21 51 238
21 52 340
21 53 229
21 54 145
21 55 256
21 56 399
21 57 189
21 58 59
21 59 232
21 60 307
21 61 295
21 62 114
21 63 229
21 64 347
21 65 305
21 66 218
21 67 275
21 68 178
21 69 123
21 70 448
21 71 165
22 23 290
22 24 136
22 25 333
22 26 88
22 27 338
22 28 351
22 29 173
22 30 66
22 31 108
22 32 397
22 33 251
22 34 420
22 35 207
22 36 375
22 37 79
22 38 152
22 39 237
22 40 187
22 41 397
22 42 132
22 43 362
22 44 322
22 45 333
22 46 239
22 47 29
22 48 371
22 49 254
22 50 174
22 51 276
22 52 247
22 53 420
22 54 271
22 55 228
22 56 177
22 57 282
22 58 306
22 59 256
22 60 111
22 61 166
22 62 367
22 63 53
22 64 367
22 65 61
22 66 242
22 67 303
22 68 432
22 69 370
22 70 208
22 71 189
23 24 194
23 25 195
23 26 347
23 27 473
23 28 312
23 29 245
23 30 326
23 31 380
23 32 327
23 33 281
23 34 371
23 35 348
23 36 91
23 37 239
23 38 377
23 39 53
23 40 161
23 41 590
23 42 328
23 43 136
23 44 476
23 45 77
23 46 459
23 47 287
23 48 84
23 49 504
23 50 223
23 51 502
23 52 79
23 53 548
23 54 440
23 55 481
23 56 266
23 57 149
23 58 371
23 59 486
23 60 401
23 61 137
23 62 381
23 63 239
23 64 85
23 65 279
23 66 470
23 67 538
23 68 446
23 69 423
23 70 329
23 71 402
24 25 197
24 26 161
24 27 301
24 28 231
24 29 224
24 30 197
24 31 195
24 32 272
24 33 144
24 34 302
24 35 302
24 36 264
24 37 59
24 38 183
24 39 149
24 40 52
24 41 403
24 42 133
24 43 232
24 44 297
24 45 213
24 46 265
24 47 117
24 48 278
24 49 309
24 50 56
24 51 308
24 52 188
24 53 382
24 54 255
24 55 287
24 56 240
24 57 146
24 58 224
24 59 292
24 60 236
24 61 131
24 62 267
24 63 88
24 64 256
24 65 166
24 66 275
24 67 343
24 68 336
24 69 288
24 70 294
24 71 207
25 26 342
25 27 345
25 28 130
25 29 383
25 30 394
25 31 375
25 32 133
25 33 155
25 34 179
25 35 478
25 36 185
25 37 255
25 38 336
25 39 201
25 40 147
25 41 480
25 42 288
25 43 95
25 44 358
25 45 136
25 46 390
25 47 313
25 48 243
25 49 452
25 50 170
25 51 429
25 52 257
25 53 403
25 54 340
25 55 435
25 56 403
25 57 58
25 58 226
25 59 420
25 60 428
25 61 263
25 62 208
25 63 285
25 64 181
25 65 358
25 66 405
25 67 466
25 68 264
25 69 260
25 70 465
25 71 342
26 27 261
26 28 326
26 29 261
26 30 133
26 31 34
26 32 376
26 33 223
26 34 390
26 35 287
26 36 423
26 37 107
26 38 67
26 39 296
26 40 211
26 41 310
26 42 70
26 43 391
26 44 242
26 45 374
26 46 151
26 47 69
26 48 431
26 49 168
26 50 171
26 51 188
26 52 318
26 53 342
26 54 191
26 55 143
26 56 264
26 57 300
26 58 255
26 59 168
26 60 96
26 61 240
26 62 323
26 63 117
26 64 415
26 65 147
26 66 153
26 67 216
26 68 381
26 69 314
26 70 291
26 71 104
27 28 237
27 29 500
27 30 394
27 31 268
27 32 277
27 33 197
27 34 257
27 35 545
27 36 511
27 37 297
27 38 195
27 39 441
27 40 314
27 41 139
27 42 206
27 43 435
27 44 30
27 45 455
27 46 148
27 47 309
27 48 551
27 49 208
27 50 254
27 51 155
27 52 487
27 53 83
27 54 72
27 55 211
27 56 509
27 57 346
27 58 120
27 59 164
27 60 341
27 61 431
27 62 171
27 63 336
27 64 504
27 65 398
27 66 160
27 67 181
27 68 185
27 69 119
27 70 546
27 71 161
28 29 452
28 30 418
28 31 354
28 32 50
28 33 103
28 34 70
28 35 534
28 36 315
28 37 275
28 38 295
28 39 304
28 40 201
28 41 376
28 42 259
28 43 225
28 44 257
28 45 264
28 46 321
28 47 324
28 48 371
28 49 389
28 50 179
28 51 353
28 52 361
28 53 282
28 54 253
28 55 377
28 56 469
28 57 163
28 58 119
28 59 350
28 60 422
28 61 341
28 62 79
28 63 315
28 64 310
28 65 394
28 66 337
28 67 389
28 68 134
28 69 135
28 70 526
28 71 287
29 30 151
29 31 278
29 32 488
29 33 369
29 34 523
29 35 103
29 36 335
29 37 204
29 38 324
29 39 201
29 40 251
29 41 570
29 42 296
29 43 367
29 44 488
29 45 316
29 46 412
29 47 196
29 48 300
29 49 424
29 50 281
29 51 449
29 52 169
29 53 584
29 54 439
29 55 399
29 56 21
29 57 325
29 58 445
29 59 429
29 60 251
29 61 121
29 62 492
29 63 164
29 64 329
29 65 116
29 66 415
29 67 476
29 68 560
29 69 509
29 70 84
29 71 361
30 31 138
30 32 463
30 33 318
30 34 487
30 35 153
30 36 415
30 37 144
30 38 201
30 39 273
30 40 246
30 41 439
30 42 192
30 43 413
30 44 376
30 45 378
30 46 280
30 47 95
30 48 401
30 49 281
30 50 240
30 51 313
30 52 270
30 53 476
30 54 325
30 55 256
30 56 146
30 57 340
30 58 371
30 59 292
30 60 100
30 61 191
30 62 434
30 63 108
30 64 408
30 65 47
30 66 280
30 67 335
30 68 497
30 69 434
30 70 160
30 71 238
