38 15 450
1 3
2 3
3 3
4 3
5 3
6 3
7 3
8 3
9 3
10 3
11 3
12 3
13 3
14 3
15 3
1 2 396
1 3 283
1 4 198
1 5 256
1 6 268
1 7 260
1 8 290
1 9 228
1 10 109
1 11 257
1 12 168
1 13 170
1 14 271
1 15 343
1 16 113
1 17 37
1 18 233
1 19 299
1 20 324
1 21 351
1 22 257
1 23 126
1 24 302
1 25 255
1 26 101
1 27 172
1 28 198
1 29 179
1 30 282
1 31 184
1 32 23
1 33 286
1 34 150
1 35 316
1 36 248
1 37 305
1 38 122
2 3 676
2 4 535
2 5 355
2 6 405
2 7 650
2 8 266
2 9 306
2 10 320
2 11 389
2 12 485
2 13 477
2 14 667
2 15 638
2 16 506
2 17 361
2 18 519
2 19 683
2 20 675
2 21 740
2 22 643
2 23 482
2 24 393
2 25 463
2 26 497
2 27 337
2 28 514
2 29 326
2 30 607
2 31 246
2 32 373
2 33 681
2 34 348
2 35 79
2 36 165
2 37 657
2 38 515
3 4 277
3 5 491
3 6 408
3 7 30
3 8 555
3 9 484
3 10 361
3 11 410
3 12 234
3 13 315
3 14 55
3 15 264
3 16 170
3 17 321
3 18 347
3 19 50
3 20 155
3 21 69
3 22 47
3 23 205
3 24 521
3 25 346
3 26 186
3 27 423
3 28 225
3 29 391
3 30 201
3 31 464
3 32 306
3 33 28
3 34 399
3 35 596
3 36 532
3 37 150
3 38 161
4 5 243
4 6 461
4 7 273
4 8 330
4 9 259
4 10 306
4 11 452
4 12 323
4 13 60
4 14 230
4 15 466
4 16 193
4 17 210
4 18 70
4 19 319
4 20 397
4 21 340
4 22 283
4 23 266
4 24 259
4 25 435
4 26 160
4 27 206
4 28 343
4 29 378
4 30 394
4 31 288
4 32 213
4 33 260
4 34 189
4 35 463
4 36 369
4 37 383
4 38 190
5 6 483
5 7 477
5 8 98
5 9 54
5 10 299
5 11 468
5 12 424
5 13 186
5 14 456
5 15 600
5 16 345
5 17 229
5 18 195
5 19 522
5 20 571
5 21 559
5 22 481
5 23 382
5 24 52
5 25 494
5 26 315
5 27 84
5 28 455
5 29 373
5 30 537
5 31 148
5 32 247
5 33 481
5 34 106
5 35 304
5 36 205
5 37 553
5 38 349
6 7 378
6 8 470
6 9 437
6 10 184
6 11 17
6 12 175
6 13 438
6 14 432
6 15 252
6 16 295
6 17 273
6 18 501
6 19 387
6 20 329
6 21 450
6 22 362
6 23 220
6 24 535
6 25 72
6 26 317
6 27 402
6 28 184
6 29 111
6 30 249
6 31 349
6 32 261
6 33 428
6 34 387
6 35 341
6 36 352
6 37 315
6 38 304
7 8 537
7 9 468
7 10 333
7 11 380
7 12 204
7 13 306
7 14 71
7 15 242
7 16 147
7 17 298
7 18 343
7 19 46
7 20 138
7 21 90
7 22 19
7 23 176
7 24 509
7 25 316
7 26 167
7 27 406
7 28 195
7 29 361
7 30 176
7 31 443
7 32 282
7 33 52
7 34 382
7 35 570
7 36 509
7 37 131
7 38 139
8 9 72
8 10 297
8 11 454
8 12 448
8 13 270
8 14 526
8 15 626
8 16 396
8 17 255
8 18 289
8 19 580
8 20 615
8 21 624
8 22 538
8 23 415
8 24 127
8 25 495
8 26 370
8 27 132
8 28 480
8 29 359
8 30 570
8 31 123
8 32 274
8 33 549
8 34 155
8 35 227
8 36 138
8 37 596
8 38 401
9 10 255
9 11 421
9 12 392
9 13 199
9 14 455
9 15 570
9 16 328
9 17 196
9 18 223
9 19 512
9 20 551
9 21 554
9 22 469
9 23 355
9 24 105
9 25 452
9 26 302
9 27 61
9 28 424
9 29 325
9 30 511
9 31 95
9 32 215
9 33 478
9 34 85
9 35 251
9 36 151
9 37 533
9 38 334
10 11 169
10 12 169
10 13 270
10 14 361
10 15 339
10 16 197
10 17 98
10 18 332
10 19 363
10 20 357
10 21 422
10 22 324
10 23 162
10 24 351
10 25 198
10 26 199
10 27 217
10 28 200
10 29 77
10 30 295
10 31 174
10 32 92
10 33 369
10 34 203
10 35 241
10 36 204
10 37 339
10 38 207
11 12 175
11 13 428
11 14 432
11 15 264
11 16 290
11 17 261
11 18 490
11 19 391
11 20 337
11 21 454
11 22 364
11 23 217
11 24 520
11 25 82
11 26 310
11 27 387
11 28 187
11 29 95
11 30 257
11 31 332
11 32 249
11 33 428
11 34 373
11 35 324
11 36 335
11 37 322
11 38 299
12 13 318
12 14 257
12 15 177
12 16 133
12 17 196
12 18 377
12 19 219
12 20 190
12 21 282
12 22 189
12 23 56
12 24 471
12 25 122
12 26 163
12 27 340
12 28 32
12 29 167
12 30 125
12 31 330
12 32 177
12 33 253
12 34 318
12 35 407
12 36 373
12 37 172
12 38 140
13 14 275
13 15 476
13 16 200
13 17 172
13 18 62
13 19 353
13 20 420
13 21 382
13 22 314
13 23 264
13 24 207
13 25 421
13 26 166
13 27 146
13 28 342
13 29 346
13 30 406
13 31 231
13 32 180
13 33 302
13 34 129
13 35 407
13 36 312
13 37 404
13 38 200
14 15 313
14 16 164
14 17 307
14 18 301
14 19 106
14 20 208
14 21 110
14 22 90
14 23 217
14 24 482
14 25 375
14 26 170
14 27 394
14 28 254
14 29 401
14 30 246
14 31 444
14 32 294
14 33 30
14 34 370
14 35 588
14 36 516
14 37 201
14 38 154
15 16 275
15 17 374
15 18 530
15 19 219
15 20 118
15 21 269
15 22 223
15 23 219
15 24 645
15 25 181
15 26 310
15 27 516
15 28 146
15 29 311
15 30 72
15 31 507
15 32 354
15 33 292
15 34 494
15 35 565
15 36 544
15 37 116
15 38 277
