20 8 124
1 3
2 3
3 3
4 3
5 3
6 4
7 2
8 2
1 2 424
1 3 219
1 4 510
1 5 306
1 6 437
1 7 122
1 8 326
1 9 544
1 10 405
1 11 340
1 12 186
1 13 513
1 14 481
1 15 360
1 16 229
1 17 169
1 18 476
1 19 470
1 20 470
2 3 244
2 4 698
2 5 165
2 6 249
2 7 456
2 8 542
2 9 621
2 10 388
2 11 92
2 12 238
2 13 427
2 14 207
2 15 300
2 16 216
2 17 288
2 18 269
2 19 86
2 20 157
3 4 485
3 5 92
3 6 222
3 7 216
3 8 311
3 9 449
3 10 243
3 11 151
3 12 108
3 13 335
3 14 262
3 15 168
3 16 163
3 17 51
3 18 261
3 19 266
3 20 253
4 5 536
4 6 496
4 7 387
4 8 186
4 9 165
4 10 332
4 11 614
4 12 574
4 13 376
4 14 575
4 15 406
4 16 637
4 17 470
4 18 509
4 19 675
4 20 611
5 6 162
5 7 307
5 8 376
5 9 473
5 10 245
5 11 78
5 12 152
5 13 314
5 14 181
5 15 156
5 16 180
5 17 142
5 18 199
5 19 175
5 20 163
6 7 398
6 8 382
6 9 388
6 10 164
6 11 208
6 12 312
6 13 177
6 14 79
6 15 105
6 16 343
6 17 268
6 18 39
6 19 193
6 20 117
7 8 205
7 9 430
7 10 324
7 11 365
7 12 243
7 13 434
7 14 459
7 15 304
7 16 302
7 17 168
7 18 435
7 19 482
7 20 460
8 9 237
8 10 236
8 11 452
8 12 391
8 13 327
8 14 459
8 15 278
8 16 455
8 17 289
8 18 406
8 19 535
8 20 483
