37 15 435
1 3
2 2
3 3
4 3
5 3
6 3
7 2
8 4
9 3
10 3
11 3
12 2
13 4
14 3
15 3
1 2 244
1 3 698
1 4 165
1 5 249
1 6 456
1 7 542
1 8 621
1 9 388
1 10 92
1 11 238
1 12 427
1 13 207
1 14 300
1 15 216
1 16 288
1 17 269
1 18 86
1 19 157
1 20 301
1 21 126
1 22 659
1 23 186
1 24 234
1 25 485
1 26 505
1 27 394
1 28 320
1 29 430
1 30 207
1 31 192
1 32 618
1 33 550
1 34 447
1 35 193
1 36 250
1 37 148
2 3 485
2 4 92
2 5 222
2 6 216
2 7 311
2 8 449
2 9 243
2 10 151
2 11 108
2 12 335
2 13 262
2 14 168
2 15 163
2 16 51
2 17 261
2 18 266
2 19 253
2 20 254
2 21 120
2 22 436
2 23 136
2 24 90
2 25 258
2 26 394
2 27 216
2 28 285
2 29 189
2 30 85
2 31 200
2 32 416
2 33 318
2 34 203
2 35 248
2 36 129
2 37 242
3 4 536
3 5 496
3 6 387
3 7 186
3 8 165
3 9 332
3 10 614
3 11 574
3 12 376
3 13 575
3 14 406
3 15 637
3 16 470
3 17 509
3 18 675
3 19 611
3 20 464
3 21 579
3 22 67
3 23 515
3 24 464
3 25 228
3 26 328
3 27 307
3 28 472
3 29 312
3 30 566
3 31 538
3 32 88
3 33 183
3 34 321
3 35 575
3 36 450
3 37 608
4 5 162
4 6 307
4 7 376
4 8 473
4 9 245
4 10 78
4 11 152
4 12 314
4 13 181
4 14 156
4 15 180
4 16 142
4 17 199
4 18 175
4 19 163
4 20 206
4 21 43
4 22 495
4 23 64
4 24 73
4 25 319
4 26 384
4 27 239
4 28 235
4 29 266
4 30 113
4 31 123
4 32 459
4 33 384
4 34 286
4 35 166
4 36 103
4 37 153
5 6 398
5 7 382
5 8 388
5 9 164
5 10 208
5 11 312
5 12 177
5 13 79
5 14 105
5 15 343
5 16 268
5 17 39
5 18 193
5 19 117
5 20 51
5 21 188
5 22 474
5 23 97
5 24 134
5 25 326
5 26 256
5 27 196
5 28 75
5 29 315
5 30 274
5 31 57
5 32 409
5 33 391
5 34 346
5 35 79
5 36 100
5 37 118
6 7 205
6 8 430
6 9 324
6 10 365
6 11 243
6 12 434
6 13 459
6 14 304
6 15 302
6 16 168
6 17 435
6 18 482
6 19 460
6 20 410
6 21 335
6 22 322
6 23 338
6 24 275
6 25 188
6 26 459
6 27 270
6 28 438
6 29 112
6 30 258
6 31 397
6 32 353
6 33 206
6 34 81
6 35 447
6 36 299
6 37 451
7 8 237
7 9 236
7 10 452
7 11 391
7 12 327
7 13 459
7 14 278
7 15 455
7 16 289
7 17 406
7 18 535
7 19 483
7 20 366
7 21 418
7 22 127
7 23 371
7 24 311
7 25 57
7 26 319
7 27 188
7 28 384
7 29 128
7 30 388
7 31 409
7 32 150
7 33 9
7 34 135
7 35 454
7 36 309
7 37 478
8 9 232
8 10 549
8 11 553
8 12 235
8 13 462
8 14 320
8 15 612
8 16 452
8 17 390
8 18 580
8 19 506
8 20 346
8 21 516
8 22 197
8 23 434
8 24 399
8 25 242
8 26 171
8 27 235
8 28 345
8 29 326
8 30 534
8 31 439
8 32 101
8 33 240
8 34 350
8 35 466
8 36 373
8 37 506
9 10 319
9 11 351
9 12 110
9 13 243
9 14 89
9 15 403
9 16 264
9 17 178
9 18 350
9 19 280
9 20 134
9 21 287
9 22 313
9 23 202
9 24 174
9 25 188
9 26 151
9 27 55
9 28 149
9 29 216
9 30 324
9 31 209
9 32 245
9 33 245
9 34 250
9 35 243
9 36 143
9 37 279
10 11 160
10 12 376
10 13 196
10 14 229
10 15 159
10 16 196
10 17 238
10 18 132
10 19 159
10 20 258
10 21 34
10 22 572
10 23 120
10 24 151
10 25 396
10 26 450
10 27 316
10 28 283
10 29 338
10 30 124
10 31 154
10 32 537
10 33 460
10 34 355
10 35 179
10 36 175
10 37 147
11 12 442
11 13 333
11 14 274
11 15 64
11 16 103
11 17 350
11 18 292
11 19 308
11 20 351
11 21 147
11 22 519
11 23 215
11 24 190
11 25 345
11 26 501
11 27 323
11 28 381
11 29 263
11 30 39
11 31 275
11 32 512
11 33 397
11 34 265
11 35 316
11 36 230
11 37 296
12 13 240
12 14 167
12 15 488
12 16 365
12 17 167
12 18 369
12 19 289
12 20 127
12 21 350
12 22 375
12 23 256
12 24 253
12 25 287
12 26 79
12 27 164
12 28 116
12 29 325
12 30 410
12 31 234
12 32 289
12 33 336
12 34 359
12 35 248
12 36 214
12 37 292
13 14 181
13 15 350
13 16 312
13 17 73
13 18 134
13 19 52
13 20 116
13 21 190
13 22 553
13 23 126
13 24 184
13 25 403
13 26 319
13 27 275
13 28 124
13 29 384
13 30 293
13 31 62
13 32 488
13 33 468
13 34 414
13 35 16
13 36 161
13 37 59
14 15 322
14 16 201
14 17 135
14 18 269
14 19 207
14 20 106
14 21 198
14 22 377
14 23 113
14 24 88
14 25 221
14 26 230
14 27 98
14 28 134
14 29 212
14 30 244
14 31 133
14 32 322
14 33 287
14 34 244
14 35 176
14 36 53
14 37 204
15 16 167
15 17 379
15 18 285
15 19 317
15 20 387
15 21 160
15 22 583
15 23 245
15 24 234
15 25 408
15 26 552
15 27 379
15 28 416
15 29 327
15 30 79
15 31 299
15 32 575
15 33 461
15 34 329
15 35 333
15 36 273
15 37 305
