59 25 1150
1 3
2 3
3 3
4 3
5 3
6 3
7 4
8 2
9 3
10 2
11 3
12 3
13 3
14 2
15 3
16 2
17 4
18 4
19 3
20 2
21 2
22 3
23 3
24 3
25 3
1 2 536
1 3 496
1 4 387
1 5 186
1 6 165
1 7 332
1 8 614
1 9 574
1 10 376
1 11 575
1 12 406
1 13 637
1 14 470
1 15 509
1 16 675
1 17 611
1 18 464
1 19 579
1 20 67
1 21 515
1 22 464
1 23 228
1 24 328
1 25 307
1 26 472
1 27 312
1 28 566
1 29 538
1 30 88
1 31 183
1 32 321
1 33 575
1 34 450
1 35 608
1 36 42
1 37 416
1 38 278
1 39 379
1 40 287
1 41 338
1 42 621
1 43 360
1 44 454
1 45 551
1 46 401
1 47 462
1 48 256
1 49 374
1 50 463
1 51 362
1 52 496
1 53 249
1 54 649
1 55 500
1 56 439
1 57 68
1 58 413
1 59 522
2 3 162
2 4 307
2 5 376
2 6 473
2 7 245
2 8 78
2 9 152
2 10 314
2 11 181
2 12 156
2 13 180
2 14 142
2 15 199
2 16 175
2 17 163
2 18 206
2 19 43
2 20 495
2 21 64
2 22 73
2 23 319
2 24 384
2 25 239
2 26 235
2 27 266
2 28 113
2 29 123
2 30 459
2 31 384
2 32 286
2 33 166
2 34 103
2 35 153
2 36 523
2 37 409
2 38 257
2 39 215
2 40 359
2 41 235
2 42 253
2 43 196
2 44 328
2 45 134
2 46 355
2 47 214
2 48 290
2 49 455
2 50 282
2 51 183
2 52 240
2 53 411
2 54 169
2 55 138
2 56 276
2 57 472
2 58 245
2 59 14
3 4 398
3 5 382
3 6 388
3 7 164
3 8 208
3 9 312
3 10 177
3 11 79
3 12 105
3 13 343
3 14 268
3 15 39
3 16 193
3 17 117
3 18 51
3 19 188
3 20 474
3 21 97
3 22 134
3 23 326
3 24 256
3 25 196
3 26 75
3 27 315
3 28 274
3 29 57
3 30 409
3 31 391
3 32 346
3 33 79
3 34 100
3 35 118
3 36 496
3 37 259
3 38 247
3 39 295
3 40 250
3 41 158
3 42 412
3 43 252
3 44 170
3 45 290
3 46 207
3 47 336
3 48 301
3 49 314
3 50 402
3 51 151
3 52 372
3 53 307
3 54 329
3 55 278
3 56 387
3 57 427
3 58 106
3 59 154
4 5 205
4 6 430
4 7 324
4 8 365
4 9 243
4 10 434
4 11 459
4 12 304
4 13 302
4 14 168
4 15 435
4 16 482
4 17 460
4 18 410
4 19 335
4 20 322
4 21 338
4 22 275
4 23 188
4 24 459
4 25 270
4 26 438
4 27 112
4 28 258
4 29 397
4 30 353
4 31 206
4 32 81
4 33 447
4 34 299
4 35 451
4 36 353
4 37 534
4 38 220
4 39 103
4 40 409
4 41 318
4 42 251
4 43 149
4 44 496
4 45 230
4 46 484
4 47 110
4 48 178
4 49 543
4 50 78
4 51 270
4 52 124
4 53 430
4 54 325
4 55 187
4 56 57
4 57 351
4 58 403
4 59 300
5 6 237
5 7 236
5 8 452
5 9 391
5 10 327
5 11 459
5 12 278
5 13 455
5 14 289
5 15 406
5 16 535
5 17 483
5 18 366
5 19 418
5 20 127
5 21 371
5 22 311
5 23 57
5 24 319
5 25 188
5 26 384
5 27 128
5 28 388
5 29 409
5 30 150
5 31 9
5 32 135
5 33 454
5 34 309
5 35 478
5 36 158
5 37 408
5 38 135
5 39 195
5 40 265
5 41 237
5 42 435
5 43 184
5 44 405
5 45 370
5 46 370
5 47 276
5 48 86
5 49 395
5 50 279
5 51 231
5 52 310
5 53 264
5 54 470
5 55 319
5 56 254
5 57 146
5 58 331
5 59 363
6 7 232
6 8 549
6 9 553
6 10 235
6 11 462
6 12 320
6 13 612
6 14 452
6 15 390
6 16 580
6 17 506
6 18 346
6 19 516
6 20 197
6 21 434
6 22 399
6 23 242
6 24 171
6 25 235
6 26 345
6 27 326
6 28 534
6 29 439
6 30 101
6 31 240
6 32 350
6 33 466
6 34 373
6 35 506
6 36 195
6 37 255
6 38 241
6 39 381
6 40 144
6 41 241
6 42 623
6 43 343
6 44 306
6 45 527
6 46 248
6 47 470
6 48 256
6 49 209
6 50 494
6 51 289
6 52 511
6 53 92
6 54 616
6 55 481
6 56 469
6 57 119
6 58 289
6 59 458
7 8 319
7 9 351
7 10 110
7 11 243
7 12 89
7 13 403
7 14 264
7 15 178
7 16 350
7 17 280
7 18 134
7 19 287
7 20 313
7 21 202
7 22 174
7 23 188
7 24 151
7 25 55
7 26 149
7 27 216
7 28 324
7 29 209
7 30 245
7 31 245
7 32 250
7 33 243
7 34 143
7 35 279
7 36 333
7 37 212
7 38 114
7 39 233
7 40 116
7 41 10
7 42 438
7 43 182
7 44 176
7 45 325
7 46 160
7 47 309
7 48 172
7 49 234
7 50 359
7 51 72
7 52 352
7 53 166
7 54 402
7 55 289
7 56 337
7 57 263
7 58 94
7 59 231
8 9 160
8 10 376
8 11 196
8 12 229
8 13 159
8 14 196
8 15 238
8 16 132
8 17 159
8 18 258
8 19 34
8 20 572
8 21 120
8 22 151
8 23 396
8 24 450
8 25 316
8 26 283
8 27 338
8 28 124
8 29 154
8 30 537
8 31 460
8 32 355
8 33 179
8 34 175
8 35 147
8 36 601
8 37 465
8 38 336
8 39 281
8 40 430
8 41 309
8 42 252
8 43 270
8 44 378
8 45 153
8 46 413
8 47 261
8 48 366
8 49 517
8 50 326
8 51 260
8 52 277
8 53 484
8 54 136
8 55 180
8 56 325
8 57 550
8 58 305
8 59 92
9 10 442
9 11 333
9 12 274
9 13 64
9 14 103
9 15 350
9 16 292
9 17 308
9 18 351
9 19 147
9 20 519
9 21 215
9 22 190
9 23 345
9 24 501
9 25 323
9 26 381
9 27 263
9 28 39
9 29 275
9 30 512
9 31 397
9 32 265
9 33 316
9 34 230
9 35 296
9 36 550
9 37 543
9 38 313
9 39 196
9 40 466
9 41 341
9 42 100
9 43 215
9 44 470
9 45 25
9 46 488
9 47 132
9 48 317
9 49 580
9 50 184
9 51 279
9 52 130
9 53 511
9 54 82
9 55 73
9 56 191
9 57 519
9 58 379
9 59 158
10 11 240
10 12 167
10 13 488
10 14 365
10 15 167
10 16 369
10 17 289
10 18 127
10 19 350
10 20 375
10 21 256
10 22 253
10 23 287
10 24 79
10 25 164
10 26 116
10 27 325
10 28 410
10 29 234
10 30 289
10 31 336
10 32 359
10 33 248
10 34 214
10 35 292
10 36 389
10 37 104
10 38 220
10 39 342
10 40 91
10 41 116
10 42 534
10 43 291
10 44 79
10 45 417
10 46 50
10 47 416
10 48 275
10 49 141
10 50 468
10 51 174
10 52 458
10 53 143
10 54 481
10 55 386
10 56 446
10 57 310
10 58 72
10 59 302
11 12 181
11 13 350
11 14 312
11 15 73
11 16 134
11 17 52
11 18 116
11 19 190
11 20 553
11 21 126
11 22 184
11 23 403
11 24 319
11 25 275
11 26 124
11 27 384
11 28 293
11 29 62
11 30 488
11 31 468
11 32 414
11 33 16
11 34 161
11 35 59
11 36 575
11 37 303
11 38 324
11 39 356
11 40 321
11 41 237
11 42 432
11 43 318
11 44 209
11 45 315
11 46 259
11 47 384
11 48 377
11 49 365
11 50 451
11 51 228
11 52 415
11 53 378
11 54 331
11 55 315
11 56 440
11 57 506
11 58 174
11 59 179
12 13 322
12 14 201
12 15 135
12 16 269
12 17 207
12 18 106
12 19 198
12 20 377
12 21 113
12 22 88
12 23 221
12 24 230
12 25 98
12 26 134
12 27 212
12 28 244
12 29 133
12 30 322
12 31 287
12 32 244
12 33 176
12 34 53
12 35 204
12 36 401
12 37 270
12 38 143
12 39 201
12 40 203
12 41 79
12 42 367
12 43 154
12 44 205
12 45 249
12 46 214
12 47 260
12 48 196
12 49 306
12 50 319
12 51 47
12 52 300
12 53 255
12 54 317
12 55 220
12 56 301
12 57 338
12 58 110
12 59 143
13 14 167
13 15 379
13 16 285
13 17 317
13 18 387
13 19 160
13 20 583
13 21 245
13 22 234
13 23 408
13 24 552
13 25 379
13 26 416
13 27 327
13 28 79
13 29 299
13 30 575
13 31 461
13 32 329
13 33 333
13 34 273
13 35 305
13 36 614
13 37 587
13 38 374
13 39 260
13 40 520
13 41 393
13 42 100
13 43 278
13 44 508
13 45 86
13 46 531
13 47 193
13 48 381
13 49 628
13 50 237
13 51 333
13 52 182
13 53 566
13 54 30
13 55 137
13 56 248
13 57 582
13 58 422
13 59 190
14 15 307
14 16 316
14 17 304
14 18 296
14 19 167
14 20 417
14 21 186
14 22 134
14 23 241
14 24 416
14 25 228
14 26 326
14 27 162
14 28 99
14 29 250
14 30 408
14 31 295
14 32 169
14 33 298
14 34 171
14 35 294
14 36 447
14 37 469
14 38 211
14 39 96
14 40 376
14 41 255
14 42 174
14 43 112
14 44 406
14 45 80
14 46 413
14 47 72
14 48 214
14 49 498
14 50 140
14 51 193
14 52 104
14 53 417
14 54 180
14 55 30
14 56 133
14 57 416
14 58 311
14 59 138
15 16 203
15 17 122
15 18 45
15 19 222
15 20 492
15 21 134
15 22 173
15 23 352
15 24 246
15 25 218
15 26 51
15 27 347
15 28 312
15 29 83
15 30 421
15 31 415
15 32 380
15 33 81
15 34 138
15 35 127
15 36 512
15 37 235
15 38 272
15 39 331
15 40 248
15 41 174
15 42 450
15 43 287
15 44 143
15 45 329
15 46 188
15 47 375
15 48 329
15 49 295
15 50 440
15 51 179
15 52 411
15 53 305
15 54 364
15 55 317
15 56 425
15 57 440
15 58 101
15 59 192
16 17 81
16 18 242
16 19 151
16 20 644
16 21 164
16 22 225
16 23 477
16 24 448
16 25 368
16 26 255
16 27 435
16 28 256
16 29 141
16 30 591
16 31 543
16 32 458
16 33 122
16 34 227
16 35 76
16 36 669
16 37 437
16 38 404
16 39 389
16 40 444
16 41 342
16 42 382
16 43 365
16 44 343
16 45 285
16 46 392
16 47 386
16 48 448
16 49 498
16 50 453
16 51 313
16 52 406
16 53 501
16 54 258
16 55 306
16 56 449
16 57 607
16 58 299
16 59 183
17 18 163
17 19 161
17 20 584
17 21 123
17 22 187
17 23 426
17 24 368
17 25 305
17 26 174
17 27 397
17 28 269
17 29 74
17 30 524
17 31 492
17 32 424
17 33 41
17 34 175
17 35 11
17 36 608
17 37 355
17 38 349
17 39 361
17 40 367
17 41 273
17 42 406
17 43 328
17 44 261
17 45 294
17 46 310
17 47 376
17 48 398
17 49 417
17 50 444
17 51 254
17 52 403
17 53 424
17 54 295
17 55 302
17 56 436
17 57 542
17 58 221
17 59 166
18 19 237
18 20 448
18 21 143
18 22 164
18 23 313
18 24 206
18 25 177
18 26 30
18 27 316
18 28 315
18 29 108
18 30 376
18 31 375
18 32 349
18 33 122
18 34 125
18 35 165
18 36 468
18 37 207
18 38 234
18 39 307
18 40 204
18 41 131
18 42 450
18 43 260
18 44 121
18 45 328
18 46 156
18 47 360
18 48 291
18 49 262
18 50 422
18 51 145
18 52 399
18 53 261
18 54 375
18 55 310
18 56 406
18 57 395
18 58 58
18 59 197
19 20 537
19 21 94
19 22 117
19 23 361
19 24 422
19 25 282
19 26 263
19 27 304
19 28 109
19 29 140
19 30 503
19 31 425
19 32 322
19 33 173
19 34 144
19 35 149
19 36 566
19 37 443
19 38 301
19 39 249
19 40 400
19 41 277
19 42 245
19 43 236
19 44 358
19 45 135
19 46 389
19 47 235
19 48 332
19 49 492
19 50 301
19 51 227
19 52 254
19 53 453
19 54 142
19 55 155
19 56 298
19 57 516
19 58 280
19 59 58
20 21 481
20 22 425
20 23 178
20 24 340
20 25 278
20 26 460
20 27 256
20 28 515
20 29 510
20 30 98
20 31 123
20 32 261
20 33 551
20 34 417
20 35 581
20 36 30
20 37 431
20 38 239
20 39 323
20 40 293
20 41 317
20 42 562
20 43 310
20 44 455
20 45 498
20 46 408
20 47 403
20 48 207
20 49 398
20 50 400
20 51 331
20 52 435
20 53 266
20 54 597
20 55 447
20 56 376
20 57 77
20 58 402
20 59 481
21 22 64
21 23 313
21 24 329
21 25 209
21 26 171
21 27 276
21 28 177
21 29 63
21 30 433
21 31 379
21 32 302
21 33 112
21 34 64
21 35 114
21 36 507
21 37 348
21 38 241
21 39 237
21 40 311
21 41 192
21 42 316
21 43 206
21 44 264
21 45 195
21 46 294
21 47 258
21 48 284
21 49 397
21 50 326
21 51 152
21 52 289
21 53 365
21 54 232
21 55 190
21 56 315
21 57 448
21 58 185
21 59 57
22 23 253
22 24 318
22 25 165
22 26 195
22 27 211
22 28 157
22 29 122
22 30 386
22 31 319
22 32 237
22 33 172
22 34 40
22 35 179
22 36 453
22 37 354
22 38 186
22 39 173
22 40 290
22 41 164
22 42 286
22 43 141
22 44 281
22 45 166
22 46 298
22 47 203
22 48 224
22 49 394
22 50 269
22 51 109
22 52 238
22 53 340
22 54 229
22 55 145
22 56 256
22 57 399
22 58 189
22 59 59
23 24 290
23 25 136
23 26 333
23 27 88
23 28 338
23 29 351
23 30 173
23 31 66
23 32 108
23 33 397
23 34 251
23 35 420
23 36 207
23 37 375
23 38 79
23 39 152
23 40 237
23 41 187
23 42 397
23 43 132
23 44 362
23 45 322
23 46 333
23 47 239
23 48 29
23 49 371
23 50 254
23 51 174
23 52 276
23 53 247
23 54 420
23 55 271
23 56 228
23 57 177
23 58 282
23 59 306
24 25 194
24 26 195
24 27 347
24 28 473
24 29 312
24 30 245
24 31 326
24 32 380
24 33 327
24 34 281
24 35 371
24 36 348
24 37 91
24 38 239
24 39 377
24 40 53
24 41 161
24 42 590
24 43 328
24 44 136
24 45 476
24 46 77
24 47 459
24 48 287
24 49 84
24 50 504
24 51 223
24 52 502
24 53 79
24 54 548
24 55 440
24 56 481
24 57 266
24 58 149
24 59 371
25 26 197
25 27 161
25 28 301
25 29 231
25 30 224
25 31 197
25 32 195
25 33 272
25 34 144
25 35 302
25 36 302
25 37 264
25 38 59
25 39 183
25 40 149
25 41 52
25 42 403
25 43 133
25 44 232
25 45 297
25 46 213
25 47 265
25 48 117
25 49 278
25 50 309
25 51 56
25 52 308
25 53 188
25 54 382
25 55 255
25 56 287
25 57 240
25 58 146
25 59 224
