26 10 205
1 3
2 3
3 3
4 3
5 3
6 3
7 3
8 3
9 3
10 3
1 2 396
1 3 283
1 4 198
1 5 256
1 6 268
1 7 260
1 8 290
1 9 228
1 10 109
1 11 257
1 12 168
1 13 170
1 14 271
1 15 343
1 16 113
1 17 37
1 18 233
1 19 299
1 20 324
1 21 351
1 22 257
1 23 126
1 24 302
1 25 255
1 26 101
2 3 676
2 4 535
2 5 355
2 6 405
2 7 650
2 8 266
2 9 306
2 10 320
2 11 389
2 12 485
2 13 477
2 14 667
2 15 638
2 16 506
2 17 361
2 18 519
2 19 683
2 20 675
2 21 740
2 22 643
2 23 482
2 24 393
2 25 463
2 26 497
3 4 277
3 5 491
3 6 408
3 7 30
3 8 555
3 9 484
3 10 361
3 11 410
3 12 234
3 13 315
3 14 55
3 15 264
3 16 170
3 17 321
3 18 347
3 19 50
3 20 155
3 21 69
3 22 47
3 23 205
3 24 521
3 25 346
3 26 186
4 5 243
4 6 461
4 7 273
4 8 330
4 9 259
4 10 306
4 11 452
4 12 323
4 13 60
4 14 230
4 15 466
4 16 193
4 17 210
4 18 70
4 19 319
4 20 397
4 21 340
4 22 283
4 23 266
4 24 259
4 25 435
4 26 160
5 6 483
5 7 477
5 8 98
5 9 54
5 10 299
5 11 468
5 12 424
5 13 186
5 14 456
5 15 600
5 16 345
5 17 229
5 18 195
5 19 522
5 20 571
5 21 559
5 22 481
5 23 382
5 24 52
5 25 494
5 26 315
6 7 378
6 8 470
6 9 437
6 10 184
6 11 17
6 12 175
6 13 438
6 14 432
6 15 252
6 16 295
6 17 273
6 18 501
6 19 387
6 20 329
6 21 450
6 22 362
6 23 220
6 24 535
6 25 72
6 26 317
7 8 537
7 9 468
7 10 333
7 11 380
7 12 204
7 13 306
7 14 71
7 15 242
7 16 147
7 17 298
7 18 343
7 19 46
7 20 138
7 21 90
7 22 19
7 23 176
7 24 509
7 25 316
7 26 167
8 9 72
8 10 297
8 11 454
8 12 448
8 13 270
8 14 526
8 15 626
8 16 396
8 17 255
8 18 289
8 19 580
8 20 615
8 21 624
8 22 538
8 23 415
8 24 127
8 25 495
8 26 370
9 10 255
9 11 421
9 12 392
9 13 199
9 14 455
9 15 570
9 16 328
9 17 196
9 18 223
9 19 512
9 20 551
9 21 554
9 22 469
9 23 355
9 24 105
9 25 452
9 26 302
10 11 169
10 12 169
10 13 270
10 14 361
10 15 339
10 16 197
10 17 98
10 18 332
10 19 363
10 20 357
10 21 422
10 22 324
10 23 162
10 24 351
10 25 198
10 26 199
