48 20 750
1 3
2 2
3 3
4 3
5 4
6 3
7 2
8 3
9 2
10 3
11 3
12 3
13 2
14 3
15 3
16 2
17 3
18 4
19 4
20 3
1 2 483
1 3 477
1 4 98
1 5 54
1 6 299
1 7 468
1 8 424
1 9 186
1 10 456
1 11 600
1 12 345
1 13 229
1 14 195
1 15 522
1 16 571
1 17 559
1 18 481
1 19 382
1 20 52
1 21 494
1 22 315
1 23 84
1 24 455
1 25 373
1 26 537
1 27 148
1 28 247
1 29 481
1 30 106
1 31 304
1 32 205
1 33 553
1 34 349
1 35 548
1 36 37
1 37 629
1 38 325
1 39 179
1 40 358
1 41 414
1 42 178
1 43 186
1 44 560
1 45 274
1 46 506
1 47 245
1 48 97
2 3 378
2 4 470
2 5 437
2 6 184
2 7 17
2 8 175
2 9 438
2 10 432
2 11 252
2 12 295
2 13 273
2 14 501
2 15 387
2 16 329
2 17 450
2 18 362
2 19 220
2 20 535
2 21 72
2 22 317
2 23 402
2 24 184
2 25 111
2 26 249
2 27 349
2 28 261
2 29 428
2 30 387
2 31 341
2 32 352
2 33 315
2 34 304
2 35 342
2 36 508
2 37 202
2 38 179
2 39 315
2 40 280
2 41 85
2 42 325
2 43 506
2 44 334
2 45 210
2 46 431
2 47 303
2 48 423
3 4 537
3 5 468
3 6 333
3 7 380
3 8 204
3 9 306
3 10 71
3 11 242
3 12 147
3 13 298
3 14 343
3 15 46
3 16 138
3 17 90
3 18 19
3 19 176
3 20 509
3 21 316
3 22 167
3 23 406
3 24 195
3 25 361
3 26 176
3 27 443
3 28 282
3 29 52
3 30 382
3 31 570
3 32 509
3 33 131
3 34 139
3 35 102
3 36 514
3 37 335
3 38 415
3 39 426
3 40 143
3 41 310
3 42 445
3 43 354
3 44 122
3 45 364
3 46 53
3 47 490
3 48 380
4 5 72
4 6 297
4 7 454
4 8 448
4 9 270
4 10 526
4 11 626
4 12 396
4 13 255
4 14 289
4 15 580
4 16 615
4 17 624
4 18 538
4 19 415
4 20 127
4 21 495
4 22 370
4 23 132
4 24 480
4 25 359
4 26 570
4 27 123
4 28 274
4 29 549
4 30 155
4 31 227
4 32 138
4 33 596
4 34 401
4 35 596
4 36 81
4 37 639
4 38 296
4 39 156
4 40 406
4 41 414
4 42 145
4 43 282
4 44 605
4 45 263
4 46 573
4 47 188
4 48 172
5 6 255
5 7 421
5 8 392
5 9 199
5 10 455
5 11 570
5 12 328
5 13 196
5 14 223
5 15 512
5 16 551
5 17 554
5 18 469
5 19 355
5 20 105
5 21 452
5 22 302
5 23 61
5 24 424
5 25 325
5 26 511
5 27 95
5 28 215
5 29 478
5 30 85
5 31 251
5 32 151
5 33 533
5 34 334
5 35 530
5 36 71
5 37 591
5 38 274
5 39 126
5 40 340
5 41 371
5 42 124
5 43 216
5 44 541
5 45 226
5 46 502
5 47 190
5 48 101
6 7 169
6 8 169
6 9 270
6 10 361
6 11 339
6 12 197
6 13 98
6 14 332
6 15 363
6 16 357
6 17 422
6 18 324
6 19 162
6 20 351
6 21 198
6 22 199
6 23 217
6 24 200
6 25 77
6 26 295
6 27 174
6 28 92
6 29 369
6 30 203
6 31 241
6 32 204
6 33 339
6 34 207
6 35 350
6 36 326
6 37 341
6 38 85
6 39 142
6 40 193
6 41 116
6 42 157
6 43 335
6 44 353
6 45 38
6 46 384
6 47 169
6 48 240
7 8 175
7 9 428
7 10 432
7 11 264
7 12 290
7 13 261
7 14 490
7 15 391
7 16 337
7 17 454
7 18 364
7 19 217
7 20 520
7 21 82
7 22 310
7 23 387
7 24 187
7 25 95
7 26 257
7 27 332
7 28 249
7 29 428
7 30 373
7 31 324
7 32 335
7 33 322
7 34 299
7 35 348
7 36 492
7 37 218
7 38 162
7 39 299
7 40 277
7 41 78
7 42 309
7 43 495
7 44 341
7 45 194
7 46 433
7 47 286
7 48 409
8 9 318
8 10 257
8 11 177
8 12 133
8 13 196
8 14 377
8 15 219
8 16 190
8 17 282
8 18 189
8 19 56
8 20 471
8 21 122
8 22 163
8 23 340
8 24 32
8 25 167
8 26 125
8 27 330
8 28 177
8 29 253
8 30 318
8 31 407
8 32 373
8 33 172
8 34 140
8 35 189
8 36 457
8 37 212
8 38 235
8 39 302
8 40 116
8 41 107
8 42 319
8 43 385
8 44 188
8 45 207
8 46 258
8 47 338
8 48 340
9 10 275
9 11 476
9 12 200
9 13 172
9 14 62
9 15 353
9 16 420
9 17 382
9 18 314
9 19 264
9 20 207
9 21 421
9 22 166
9 23 146
9 24 342
9 25 346
9 26 406
9 27 231
9 28 180
9 29 302
9 30 129
9 31 407
9 32 312
9 33 404
9 34 200
9 35 391
9 36 222
9 37 530
9 38 338
9 39 239
9 40 218
9 41 355
9 42 252
9 43 68
9 44 406
9 45 268
9 46 328
9 47 325
9 48 98
10 11 313
10 12 164
10 13 307
10 14 301
10 15 106
10 16 208
10 17 110
10 18 90
10 19 217
10 20 482
10 21 375
10 22 170
10 23 394
10 24 254
10 25 401
10 26 246
10 27 444
10 28 294
10 29 30
10 30 370
10 31 588
10 32 516
10 33 201
10 34 154
10 35 171
10 36 493
10 37 405
10 38 446
10 39 433
10 40 168
10 41 358
10 42 451
10 43 312
10 44 191
10 45 387
10 46 56
10 47 505
10 48 360
11 12 275
11 13 374
11 14 530
11 15 219
11 16 118
11 17 269
11 18 223
11 19 219
11 20 645
11 21 181
11 22 310
11 23 516
11 24 146
11 25 311
11 26 72
11 27 507
11 28 354
11 29 292
11 30 494
11 31 565
11 32 544
11 33 116
11 34 277
11 35 151
11 36 634
11 37 103
11 38 389
11 39 478
11 40 258
11 41 240
11 42 494
11 43 539
11 44 132
11 45 377
11 46 280
11 47 505
11 48 512
12 13 151
12 14 254
12 15 186
12 16 226
12 17 237
12 18 144
12 19 77
12 20 384
12 21 253
12 22 34
12 23 268
12 24 150
12 25 242
12 26 205
12 27 296
12 28 135
12 29 174
12 30 244
12 31 426
12 32 362
12 33 209
12 34 10
12 35 202
12 36 382
12 37 336
12 38 282
12 39 279
12 40 18
12 41 212
12 42 298
12 43 263
12 44 214
12 45 223
12 46 192
12 47 345
12 48 250
13 14 234
13 15 337
13 16 360
13 17 388
13 18 295
13 19 159
13 20 277
13 21 270
13 22 137
13 23 144
13 24 227
13 25 174
13 26 315
13 27 146
13 28 19
13 29 322
13 30 123
13 31 282
13 32 211
13 33 341
13 34 159
13 35 343
13 36 261
13 37 400
13 38 170
13 39 128
13 40 157
13 41 194
13 42 146
13 43 237
13 44 351
13 45 99
13 46 342
13 47 198
13 48 152
14 15 390
14 16 466
14 17 411
14 18 353
14 19 322
14 20 200
14 21 483
14 22 220
14 23 181
14 24 400
14 25 408
14 26 459
14 27 274
14 28 242
14 29 330
14 30 171
14 31 452
14 32 354
14 33 451
14 34 252
14 35 434
14 36 227
14 37 588
14 38 397
14 39 288
14 40 272
14 41 417
14 42 299
14 43 11
14 44 451
14 45 327
14 46 357
14 47 374
14 48 130
15 16 106
15 17 63
15 18 42
15 19 202
15 20 556
15 21 321
15 22 210
15 23 451
15 24 203
15 25 383
15 26 161
15 27 483
15 28 320
15 29 78
15 30 427
15 31 603
15 32 546
15 33 103
15 34 179
15 35 69
15 36 560
15 37 319
15 38 443
15 39 465
15 40 180
15 41 326
15 42 483
15 43 401
15 44 89
15 45 396
15 46 61
15 47 525
15 48 425
16 17 151
16 18 121
16 19 202
16 20 611
16 21 258
16 22 258
16 23 492
16 24 162
16 25 355
16 26 80
16 27 505
16 28 341
16 29 183
16 30 468
16 31 598
16 32 557
16 33 18
16 34 224
16 35 37
16 36 608
16 37 221
16 38 426
16 39 481
16 40 212
16 41 288
16 42 499
16 43 476
16 44 17
16 45 394
16 46 167
16 47 526
16 48 477
17 18 97
17 19 262
17 20 589
17 21 383
17 22 255
17 23 492
17 24 266
17 25 445
17 26 219
17 27 532
17 28 373
17 29 80
17 30 469
17 31 660
17 32 599
17 33 154
17 34 229
17 35 120
17 36 597
17 37 371
17 38 503
17 39 517
17 40 233
17 41 389
17 42 535
17 43 422
17 44 137
17 45 454
17 46 54
17 47 580
17 48 463
18 19 165
18 20 515
18 21 299
18 22 167
18 23 408
18 24 178
18 25 349
18 26 156
18 27 440
18 28 278
18 29 71
18 30 384
18 31 563
18 32 504
18 33 112
18 34 137
18 35 85
18 36 518
18 37 316
18 38 405
18 39 423
18 40 138
18 41 296
18 42 441
18 43 364
18 44 105
18 45 356
18 46 69
18 47 484
18 48 384
19 20 426
19 21 176
19 22 107
19 23 299
19 24 78
19 25 185
19 26 156
19 27 302
19 28 140
19 29 219
19 30 276
19 31 403
19 32 355
19 33 183
19 34 85
19 35 190
19 36 416
19 37 266
19 38 240
19 39 278
19 40 61
19 41 141
19 42 296
19 43 330
19 44 195
19 45 196
19 46 229
19 47 327
19 48 293
20 21 545
20 22 352
20 23 134
20 24 501
20 25 425
20 26 581
20 27 200
20 28 295
20 29 509
20 30 153
20 31 348
20 32 251
20 33 593
20 34 387
20 35 585
20 36 45
20 37 677
20 38 378
20 39 231
20 40 398
20 41 465
20 42 229
20 43 190
20 44 598
20 45 326
20 46 535
20 47 294
20 48 134
